-50 -49,9985480622838 -29,9971533411815 -50 -49,9985480534925 -29,9915185722216 -0,160102213525609 0,130428981143063 -0,454295885289116
-50 -49,9948336521691 -29,9979312363501 -50,0053959440111 -30,0000000243719 0,00688493859839192 -0,0777395287346457 0,0521659042263146 -0,144072884388057
-50 -49,9986225510092 -29,9918959261076 -50,0049653322806 -20,0084288930154 0,0225873412720239 -0,0090993291963168 0,0569138303733333 -0,170374350255658
-50 -49,9945522359713 -29,9893069202013 -20,0051871111251 -0,00837966996955692 20,0165271574799 0,0040146655810268 0,110922429289687 0,21811598246983
-50 -49,9928799305055 -29,9998586482291 -4,03453148479648E-08 20,018981262114 50,0060113730997 0,0696916997731735 0,180548568513802 -0,187430469745589
-50 -49,9945874667048 -30,0004290607042 -0,0207700812650369 29,97892513423 50,003088689565 -0,0549597635060446 -0,0865237111667634 0,0116467510364305
-50 -49,996838940752 -29,9862165836068 29,9886493773298 49,9968395015531 50 -0,0230610012198733 -0,011014087873311 0,351325910299009
-50,0034762779796 -30,0034472765599 0,00412704729255534 -50 -50,0042392372513 -29,9970409247227 -0,166371873186174 0,124728925535176 0,26822539830889
-49,9922323236491 -30,0083027580621 -0,00256371439700691 -49,9907166244919 -29,9831626114824 -0,00657289968119489 0,0373087465072596 0,00972585383884037 0,156154900644893
-49,994054469833 -29,9859503412304 0,00881227889497863 -49,9954099622271 -20,0072413004201 0,00758308733299637 -0,0597539764156369 0,0160173395475734 -0,444239588906777
-50,0090885698579 -30,0013620570039 0,00254582120178096 -19,9989336511567 0,00661808937897307 20,0149605263111 0,0103864939710513 -0,00179760925770888 0,171929702064058
-49,9961965989171 -29,9981756207453 0,0100097312303655 0,0276790356419297 20,0162520440438 49,9925653799591 -0,139309508685012 -0,122642942595042 0,446198114951289
-49,9917556708928 -29,9876488861487 -0,0022244532415057 -1,82965970739506E-07 29,983704648064 49,9840948406111 0,16556016951999 0,152812196619505 0,243732190702219
-50,000697093344 -30,0010554071717 0,00158188652625959 29,9794669372031 49,9923054006588 50 -0,0778597373431335 -0,0504318329715667 0,390288814150249
-50,0031575671801 -20,010752481024 -0,000198489143008171 -50 -49,9949513811803 -29,9832771106873 -0,0308691320301051 -0,0512323377564503 -0,3696974811808
-49,99978349852 -20,0064096825678 -0,00198659407983012 -49,9971697351438 -29,9882552269217 -0,0154102337421756 -0,231630146286655 0,10921301913323 -0,161927862725894
-50,0041810885987 -20,0108015803377 -0,00151596686906243 -50,0030831950405 -19,9848409741832 0,0038028011606047 0,130580261648076 -0,106195401278447 -0,452785119554728
-50,0061350569456 -20,0148506040495 -0,00186600142700902 -20,0048999415184 -0,00465076777783621 20,0023647218148 -0,00599254672703395 0,000890765226246104 -0,0399431832356286
-50,0003260995396 -20,0168038983903 -0,00702371686180693 -0,00284575762872535 19,9891226724009 49,9940196036471 0,20169898251821 0,160063777462758 -0,147284581295156
-49,9893309265981 -20,0041372841818 0,0209714626235109 -0,0162325274682058 29,9843405984969 49,9913683156585 -0,238395414269204 -0,189221687825014 0,521358773062098
-50,0030374863493 -20,0036122379958 0,000938533243393558 29,9787358902599 49,9923834870326 50 0,0206305045618404 0,0302245006936248 0,372933597909228
-20,0010014824255 -9,7616293007809E-05 20,0147094408078 -50 -49,9979625553242 -29,9926809072737 -0,120179806430054 0,00223814057818762 0,0468142644998652
-20,0088047731222 -0,0102575492879874 20,0259969474117 -50,001091520069 -29,9980940801362 0,00595413236115325 -0,202975147221275 0,00386553576333388 -0,241973448831743
-19,9991776208398 0,00813998767801206 19,9999998024958 -50,0047452390622 -20,011384241171 0,00649282183968396 0,107793054712244 -0,0233663750657386 -0,19894031068367
-19,9983125535284 0,00255883170232104 20,0002925121621 -19,9992708535163 -0,00164636150031123 19,9983943809533 0,011289019810479 -0,00308050963739716 0,0911108072481784
-20,0086651016136 -8,83774649464308E-05 20,0022892490265 0,0015153553996735 20,005344625214 50,0044138203922 0,097058559800125 0,0145403720074937 -0,143887814448715
-20,0166692732596 -0,00494085014787035 20,0067947720193 -0,00452996654036474 30,0014608621681 50,0064834397846 -0,0970887252840593 0,000376923051073815 -0,19735225252945
-20,0107041908521 -0,00222832504498304 19,999666494235 29,9975976976597 50,0011898187273 50 -0,0184857254963152 -0,00526981539187558 0,163706185922789
-0,00510525226687353 19,9972592374641 50,0128161962594 -50 -50,0004106481033 -30,0023822790512 -0,212292610647511 -0,105113783051116 -0,485738941787553
8,1467624119859E-08 20,0088500377408 50,0068892477133 -49,9937082198477 -29,9745455954241 0,0177659608959768 -0,342777056224305 -0,215013285757503 0,442423551688678
-0,00801798200779686 20,0075278881285 50,0069456930615 -50,0032251730149 -19,9936505406622 -0,000348293846267278 0,237710321077792 0,156253606715533 -0,176376659016487
-0,0072823236018295 20,0015354010599 50,0009672978595 -20,0038967308882 0,0036887686960148 20,011687888881 0,0264390785989731 0,0299307348514792 -0,345060240472814
-0,0113420159470199 19,9943749219828 50,0020712562922 -0,00115195069069264 20,0293734698059 50,005235121892 0,0522608821123941 0,017394213966572 -0,230411377940913
0,00392990477208609 19,9999999609466 49,9993391653127 -0,00569011342620379 29,9787941173785 49,9999929330536 -0,0732792581913982 0,0304080800883395 0,0769259917370943
-0,00454415088117887 19,9950257609036 50,0007881452399 29,9738759230816 50,0005476133523 50 -0,0430917524302936 0,0328345221926235 -0,478358678333734
0,00172338874592601 29,9713535595571 49,9954364277525 -50 -49,9987934958998 -29,9823522872894 0,184106242683905 0,0560141435010247 -0,357068651014997
0,0056031229856215 29,9774766929332 49,9986284689286 -50,0068055852589 -30,0181036706191 -0,00393840962177242 0,241773053934222 0,136031614570364 0,0145548593942901
1,49829105312572E-07 30,003534440113 49,9938244411058 -50,004092554209 -20,0193918950981 0,0185611473553787 -0,184169019874367 -0,149781051949636 0,163524605332098
-0,00233424692316586 29,9975921054329 49,999272897374 -20,0070802778543 -0,00172929812473571 20,0084034451428 -0,00771984755215207 -0,0590874140143338 -0,0936512430637141
-0,00594012866191387 29,9999997192356 50,0014727049839 -0,00135937156356887 20,0027402792315 50,0023057016069 0,0270729306924431 -0,0695901588195909 -0,355518074598319
0,000763818897076943 29,9972353926648 49,9979108131455 -0,00232415994611634 29,9803480537381 49,9992658381927 0,040215355817434 0,0322441875036564 0,212527499520879
0,00230036837226142 30,0109529710864 50,0011684156424 30,000000226795 49,9993092954956 50 0,0579075774381872 -0,0129487561619652 0,300211741295143
30,0011076810208 50,0050894640965 50 -50 -50,0050892841861 -29,9958120557142 0,0485790934191759 0,0196470962390389 -0,0980494118924878
29,9740150464843 49,997712534155 50 -50,0109773106924 -29,9743126516986 -7,5292333875733E-08 0,107366035840521 0,183139590182463 -0,0536021671201052
30,000000120771 50,0016147479636 50 -50,003529425587 -20,007139487923 0,0260261980002886 -0,12118850914898 -0,279847772067097 -0,016814195543352
30,0033440221426 50,0009044835163 50 -20,0183055135742 -0,00592457892128584 19,9957465495255 3,8523451819163E-05 -0,140412906711019 -0,010816155963543
29,989893733947 49,9974621951909 50 1,75331862030774E-07 19,9977815880608 50,0021016262389 0,0852768746318921 -0,185967541548526 -0,250415050857744
29,9930382378475 49,9987097415007 50 -0,00118159261653359 29,9952321270924 50,0011480509881 -0,0206240206109664 0,129608888162497 -0,385213071309215
29,9993964363768 49,99780522491 50 29,9942096111573 49,9978053234645 50 0,00858811647712562 0,0110597538965107 0,316370791649008
