-50 -50,0057338367459 -30,0068303412351 -50 -50,0057335451031 -30,0042920813553 0,00430490053157628 0,00991688482421143 0,48280510444646
-50 -50,0003579627228 -29,9970129159539 -50,0044828886419 -30,0265665365572 -0,00493147316054704 -0,0181107587491598 0,0398466330623249 -0,234692099409462
-50 -50,0016637325008 -30,0036596935192 -50,0013496202369 -19,9932562569947 0,000282127992500962 0,0172867954634057 -0,0787600064390645 -0,104454235512981
-50 -49,9987146399169 -29,999275465632 -19,9992181232633 -0,0016048505516132 20,0125466695871 -0,00427297007546013 -0,0712006159620293 0,362750789173461
-50 -49,9966447900165 -29,9921873983208 -0,00391686891848386 20,0079337663827 49,9999043906893 -0,0691082376318792 -0,12491807673731 -0,227882042972294
-50 -49,9994683739682 -29,9984324941148 -0,00559585695692807 29,9962651349096 50,0073040792257 0,0107397650699063 0,0892538510225986 -0,269749417764661
-50 -50,0024209763093 -30,002081016416 29,9963307124222 50,002420502612 50 -0,0392941656889733 -0,0153539510232719 -0,307004440703879
-50,0049174233975 -30,0045303000794 1,18685635338563E-06 -50 -49,9993648986129 -29,9957089369244 0,0206062409934023 -0,0226164226628822 0,347572485007183
-50,0026458303898 -30,0038894094316 0,00745399826424612 -50,0021501149858 -29,9778345028776 0,00860351704535296 0,102353460466396 -0,0548092303179754 -0,466000247522557
-49,9996057404914 -29,9871081114697 0,00589411070141279 -50,0080943274673 -19,9899377790542 -1,0257804758086E-08 -0,169348366388067 0,0888731598604145 -0,0364862564636517
-50,0008103577631 -30,0009829806947 0,00315591698485153 -20,0017134938021 0,00524037947244405 20,0012011013763 -0,00937740916881596 0,0214730276660177 0,252097293726611
-49,9990604806496 -30,0107194468538 0,00294916807562026 9,35441635422836E-08 19,9894437301193 50,0025978289812 -0,0811873141931184 -0,0335235375316555 0,0184736503748455
-49,9947548765847 -29,9532084516534 -1,01055003640323E-08 0,0262997892021578 30,0359277197345 50,0057333866457 0,128993261860287 0,0933709600654749 -0,313823352229951
-49,9991376994457 -29,9962415528904 -0,00756046409178418 29,9958013644431 49,9997991513825 50 -0,0767743453901601 -0,0483694093092157 0,193939474675108
-50,0014354327518 -19,9989472495023 0,00231121427009189 -50 -49,9989457497882 -29,9988868842201 0,0339698355116982 -0,0187724449746404 -0,339422074646462
-50,007222484254 -20,014477794564 0,0347608718658863 -49,996850118215 -29,9929866360985 2,18053524077674E-07 -0,152123479435978 0,0953669641480066 -0,160797052788455
-49,997232135153 -19,9775288355151 4,77000894844872E-08 -50,0142346929111 -20,0335391081917 -0,0233669044585904 0,253844430792875 -0,194888499865305 0,138218694162707
-50,0018717833463 -20,0057910439306 0,00667111690934727 -20,0142169493694 -0,00667969754055895 20,0097118752783 0,00839328979919132 -0,101095224489049 0,309457728767836
-50,0034782036416 -20,0303820957365 -0,00957053737204936 0,00708820546265903 19,9999997254353 50,0012347884832 0,0364429613764459 -0,0401569527913634 0,469580449118518
-50,0092845946025 -19,9987660361754 -0,00917664864613298 9,18091134151193E-08 29,9707859385452 49,99112637191 -0,211628253531768 -0,0668511914994541 0,16450763182331
-50,0016357872612 -19,9921224352539 -8,17695259562802E-06 29,9939180455786 49,999404100236 50 0,0183489345402768 0,0417512443937973 0,416121971597944
-19,9942716421211 0,00671520726950818 20,0010852270707 -50 -50,0034179648998 -30,0004283060725 0,0318705007019738 -0,00383749577272595 0,331626740806851
-19,9999999750594 -0,00839805854233358 20,0044559618924 -50,0128738919821 -30,0038569451703 0,00370278016907797 -0,0781240276580313 -0,0159003113466853 0,182955163554049
-20,0133963958843 0,00669944017644055 20,0235659858908 -49,9979519350245 -20,0257648667196 0,0143440240385134 0,142066537913658 0,00813134491105612 0,203241871263893
-19,9982249137862 -0,00318507917106078 19,9962708691978 -19,9952032030621 0,00448259335071136 20,0012261130178 0,0180500028266057 0,0166919569632544 0,0238111426871563
-20,0090364187423 -0,00483367502839541 20,008743449747 -2,27166704721059E-05 20,0015056323474 50,0025667501643 -0,0366503721258509 0,0342660246477188 -0,429824092226227
-20,0079688553922 -0,00115154822729945 20,0104685077307 -0,0049254540152042 30,0027283217803 50,0002106227466 -0,0962469809400502 -0,00174665245714277 0,229901235790221
-20,0024558708371 -0,00128887236574194 20,0013387095588 29,9960572976708 49,997573404267 50 -0,0270756813808676 0,0181961928826749 -0,328833906465294
4,34076632360725E-05 20,0028240579492 50,0003546021553 -50 -49,9987795462919 -30,0057888481538 -0,0620512351509439 -0,0743893379455648 -0,405010144217939
-0,00198641391372458 19,9937035960068 50,0051309119385 -49,9913202602011 -29,970086904095 0,00754019221623182 0,0204356516057528 -0,0410163970103251 -0,0128513469865355
0,0146853973771868 20,0169654875741 50,0017004752432 -50,0069648699627 -20,0031053969492 0,00141328076477402 0,065924665073742 0,0725061060594903 0,210742618378434
0,00189341008696192 20,0127057850129 50,0068841526659 -20,0056862764501 0,00182088615108638 20,0019228024676 0,0370661577738473 0,0808616154167442 -0,378595132036677
-0,000225525163542657 20,0191043349678 50,0025977091609 0,004212171284181 20,0120337821087 50,0031514685251 -0,0487450855687836 0,10999599765889 0,474604529577729
0,00228060215600427 19,9981345498551 50,0024496370232 -0,00529216958376692 29,9896705964042 50,0067049994096 -0,172825503846705 0,0559125988487105 0,0111691302096669
0,00543023701891159 20,0236045950838 50,0047845444628 29,9855771618828 50,0014460860656 50 -0,0244886610936623 0,0118152230810706 -0,440967948640064
-0,0161601071614653 30,0016345902579 49,9986770282858 -50 -50,0007058305564 -29,9861426407577 0,131216015546612 0,0719798173326457 -0,0139164298191412
-1,48837370579249E-08 30,002646847122 49,996143663346 -49,9969488654019 -30,0019918145445 0,00365434983126059 -0,00906802681136561 -0,0387589499222466 -0,41530433115282
-0,00351919450446119 29,9999326058415 50,0047992933475 -49,9979947416885 -20,0086269921843 -0,00413253793005657 0,00286855269051167 0,00901863849648615 0,432911184129543
-0,00718584003436738 29,998244852458 50,006559023709 -20,005789702657 0,000160871781333487 19,9999433844705 -0,00603733304657159 -0,0411140909464081 0,188870438555613
-0,0113145593581656 30,0000004172868 50,0049479101922 -0,00353928067195287 19,9941246375772 49,999311237187 0,0760737549034301 -0,130363698862917 0,0689324155999888
-0,000833511213815076 29,9807230462018 50,0011355748527 -0,000507804240671296 30,006530038674 50,0050144665498 0,0696885500777779 0,0216785455588305 -0,201683344738144
-0,0135939094007898 29,9808992026785 50,0008271621287 30,0053236581327 50,0010208391214 50 -0,00932295557444541 0,0309487262902749 -0,328248178647063
30,0011594805933 50,0007944979166 50 -50 -50,0007938465247 -29,9906436810659 0,0779055083464792 0,0637524494155016 0,450945404475638
29,9929804328869 49,9973317621966 50 -50,0041293392658 -30,0131395817363 -1,22873667700309E-08 0,110053512950983 0,14104416983054 0,296505050011674
29,9853797921685 49,9992807124921 50 -50,0043446617787 -20,0040419851381 0,0137552306786008 -0,0531413964742451 -0,108800194528522 -0,323848561538342
29,9974383331532 50,0041827799112 50 -20,0030848307636 -0,00240658748407333 19,9966512030308 0,0107993742956988 0,00644411642852088 0,0775792945681168
29,9956788455742 50,0032176448421 50 0,0117111671299192 20,0130693066989 50,0009211025751 -0,0576008672182275 0,100766661481694 0,213305890681471
29,9907511630912 49,9970644899564 50 -0,000804354274207112 29,9921326383243 50,0037761714191 0,0767389914840872 -0,126031513937962 0,406975939491342
29,9944392206749 49,9996981608012 50 29,997339154581 49,9996982374172 50 0,0175012277497096 -0,0094402152349988 -0,167953379249629
