-50 -50,001029999672 -29,9918925083597 -50 -50,0010290146176 -29,9827185784747 -0,284772531800288 0,276617053466628 0,374426563914173
-50 -49,9926607898048 -29,9886477965794 -49,9982417870561 -30,0108798811852 0,00695379525355996 -0,190000099718388 0,263039654784475 0,141344941275672
-50 -50,0004267134536 -29,9945041378018 -50,0018937467423 -20,0017061784921 -2,85973446060746E-07 0,0846341238051618 -0,112425300621691 0,123772217330645
-50 -49,9997678136576 -29,9997008482471 -20,0038145725659 -0,00111890148575927 20,0013671010145 -0,0152283938333596 0,0405406248511086 -0,278758772689332
-50 -49,9975938347331 -29,989676632401 -0,010606524928526 19,9952668156165 50,0021184489107 -0,0631882857909086 -0,0252430372030479 -0,432600192888309
-50 -50,0005504568665 -30,0027278830008 0,00392117306590912 30,0015902342532 50,0001269099642 0,0607442952969763 0,0891681227724242 0,300241294995423
-50 -49,9978371768964 -29,9942325161303 29,9950708131183 49,9978371777623 50 -0,00649014589885315 0,00159413455145998 0,382074890000837
-49,9979612989317 -29,9991886240149 0,0161743854488599 -50 -50,0002852878693 -29,9876816952778 -0,262806561159204 0,180594710124036 -0,127320881927694
-50,003203051548 -29,9884713455345 0,00542690713492291 -49,9911298309075 -29,9999998449807 -0,0111704957239378 -0,171695752486824 0,156824650207262 0,460336746657465
-49,9973713365611 -30,0041362322921 0,00304715527293952 -49,9970182605662 -20,0109215020673 -0,000428673539063445 0,0618387856257485 -0,0164931941892837 0,127417009866818
-50,0000400468255 -29,9942914585789 -0,000437550867416221 -19,9998753499686 -0,00622451614775847 19,9966927454418 -0,0257791134410444 0,0743890546002814 -0,458812334731126
-49,9992242273405 -29,998103890745 4,64737185600738E-08 0,0109331008699943 20,0112289463479 50,0022612477445 0,00743479508652079 0,0922494490503371 0,127055255607122
-49,9996762731971 -30,0045923049463 -0,00146468366485902 -0,0126192791327588 29,9832503016163 49,9954640899927 -0,0505184296425757 -0,0531363187923055 -0,226821510629628
-50,0015507114993 -29,9949462022139 0,00781362010900629 30,0056730671745 50,0007418564951 50 -0,100588422530824 -0,0217300186110502 0,0340043835463898
-50,0021409679433 -20,0074798735607 1,59393081650241E-08 -50 -49,9958769599461 -29,9909511287687 -0,0135157130712833 -0,0836155415454463 -0,340762526849227
-50,0004565216061 -20,0253633371315 -0,00741690756983736 -49,9996879254522 -30,0012560409156 0,00220342740536271 -0,0110535609036575 -0,0620944580443643 0,0721853572660932
-49,9983913953405 -19,9994888941684 0,00124493241713805 -49,9998195613304 -20,00146453188 0,00667496749659983 -0,0249295676437757 0,0155116118536788 0,291859505397725
-50,0092753353704 -20,0102749157327 0,00175435306555677 -20,0084396421574 0,0106293473298051 20,007574268196 0,00188191722548806 0,00775925912805104 0,41527601759718
-49,9986970295136 -20,0040197097187 -0,00393447290319378 -0,00305801195680356 20,0086793579174 50,0057540819362 0,0731434363692357 0,0348094643540183 0,461922020131761
-50,0025797176707 -19,9978664266628 0,00685427725268052 -0,00200218504653385 29,9977818525313 49,9958439925403 -0,0108594925045322 0,0119494597651002 0,287211889880318
-50,0020546271264 -20,0046597725993 -1,27955437531176E-07 29,9886820928909 49,9970966227002 50 0,14945892034131 0,0773952950572956 0,0896582360437464
-19,9997227390091 -0,00510182421781891 19,9963506119486 -50 -50,0063574118696 -29,9999172331719 -0,163108540753745 -0,00269159458037767 0,499004715089445
-19,9996203854355 -0,000463732369896379 20,0032776309982 -50,0048323005937 -30,0038695783081 0,000925178902055943 -0,16600722030426 0,00605575760057174 0,493290628644874
-20,009154289644 0,00029915910703744 20,0037279843273 -50,0049753110282 -20,0031242888898 0,00111427434469172 0,0788104877913481 -0,0141695196808312 -0,0991409172279041
-20,0045596529025 2,74254279442052E-05 20,0024701779363 -20,0009240612352 0,000673731969573246 20,0026443743609 -0,00673766430372055 0,00426847251921076 0,0269715824405421
-20,0143173931528 0,00303431671214367 20,0173461145945 -0,000868874011969476 20,004804921128 50,0057448378046 0,126600241999325 0,0178043140434839 -0,132658533006854
-19,999999842363 0,00431068441349323 20,0210654987611 -0,00180703946630724 30,0006769575047 50,0001552327217 -0,0730084951575373 0,000605248382791683 0,265757770177372
-20,0039788634628 0,00260389833472154 20,008207880655 29,9969988765182 49,9987454942557 50 0,113609676406695 0,0176753531818419 -0,210696716688099
-0,00664019798219945 19,995820700942 50,0015689417866 -50 -49,9987910863148 -30,002714053382 -0,0514588623773044 0,0259788209624641 0,393954008456705
-0,00123766117589102 20,0046671495871 50,0018697537883 -50,0084301051089 -29,999999735373 -0,00410876330807721 -0,247708222629372 -0,119217703333004 0,335664398497253
0,000160884600385575 19,9980212186948 50,0035864852627 -49,9998728949534 -19,9978135756403 -2,80264019673984E-07 0,186250371814558 0,0827462421294693 -0,263409340013551
-0,00219540857285604 20,0059715704247 50,0096252628458 -20,0047342933183 0,00212523225142129 20,0149726060216 -0,0103697798678987 0,0217335786781366 0,352914888890296
-0,00289789530783827 20,0213866940032 50,0040742194351 -2,03226214627174E-07 20,0302260631951 50,0015261955712 0,171047636745271 -0,02518641937578 0,0799436012284252
0,00342653110471167 19,9986835426973 49,9907835379616 0,00382304520445696 29,9931008574222 49,9892481955643 -0,178022301941662 0,0951475123288964 0,230512637843027
-0,00336057365594666 20,0157684921362 50,0043644510856 29,9811668071337 49,9888469085332 50 0,176063655511925 -0,056752918151664 -0,399219650193742
0,00159795388323525 30,0023871271571 49,999084665879 -50 -49,997183424877 -29,9965159759696 -0,139991792871806 -0,155481207172239 -0,410129080321612
-0,0010788694572337 29,9973504506085 49,9989766563765 -50,0007523441772 -29,9981799339774 1,073709263735E-07 0,0751219148143344 -0,0211679083186097 -0,252470481369258
-0,00132854531557971 29,9940340421924 49,9975472704641 -50,0018667646533 -20,0006560543558 0,00694559567506738 -0,0832635770470279 -0,103218655121867 0,00254670812112066
-0,000268850929671155 29,9967426669879 50,0032266227195 -19,9999999338043 0,00215829230791844 20,0263338783673 0,0195935663324854 -0,115898204033286 -0,0384535804439556
0,00488088377767715 29,9861298789147 49,9883457213912 0,00631817192300968 19,9997850877999 49,9912191536771 -0,0147884328936132 -0,120525981638238 -0,0959749913751114
0,00554514055198154 29,9841199475594 49,9806966988408 0,00253997607189728 29,973062716221 49,980886989334 0,138512947139568 0,0193462405134852 -0,443509990219275
-0,000637772048023836 30,0005038874806 50,0083382757451 29,9748833690625 49,9940457918572 50 -0,0702970550427112 0,0447004416353015 0,171092448892983
29,9909425648814 50,0043410006917 50 -50 -50,0043438371055 -30,0056413685309 -0,192874223793996 -0,214694298440645 0,30175742115871
29,9944102500553 49,9960955030724 50 -49,999775088593 -29,9955738818254 -0,00521794590684552 -0,0735607450689449 -0,118421578185538 -0,344271119444591
30,001078843765 50,0019487064294 50 -50,0002385907073 -19,9924006607532 0,00884951112861775 0,0225960648939232 -0,0684699010363042 -0,0114683521942858
29,9985659375233 50,0008808995839 50 -20,0002410001928 0,000416500693372431 20,011734191881 0,0103314944246061 -0,120470305626207 0,114680429972414
29,9873269202507 49,9909178603056 50 -0,0104989216284605 20,0108800895699 50,0045284331755 -0,0149917345811693 -0,0448635261056416 0,343051605962599
29,9691631895819 49,9914711423832 50 1,09292928702127E-07 29,9938791552774 50,004929621653 0,0927296720026548 -0,0777072821310949 0,423949180289265
29,9822325796886 49,9970516981036 50 29,9914853940878 49,9970526931245 50 0,104677210063674 -0,0681424052249521 -0,0372167615216905
